Accession	B	Genotype
12768	96.6803301691775	1
12909	68.3201225718744	0
12910	83.2706921959859	1
12915	92.4785765898962	1
13181	65.5503546768903	0
13182	96.9807950127524	1
13184	70.1096042024714	0
13186	84.0597981958894	1
13187	98.4977894461713	1
13571	91.5258847394802	1
13572	88.8460468639539	1
13574	94.2005219128996	1
13575	86.2822764394564	1
13576	80.3162868518701	1
13584	58.3195664478563	0
16294	61.5225306585344	0
16295	100.112388738311	1
21225	53.7729750026951	0
21226	102.767086541707	0
21228	64.7521402432481	0
21229	61.8518956047969	0
21230	59.4496199792421	0
22610	56.4257431947519	0
22614	102.482602413505	1
22621	67.8007375031372	0
22625	82.6110094482925	1
22635	60.9657556355186	0
22640	72.5183360859149	0
22644	73.2804519255153	0
27155	78.6899921253293	1
27166	61.336198790177	1
27167	87.1782687245735	1
27171	90.9071890950697	1
27173	91.2831299076503	1
2876_AH	91.3872895540642	1
3536_AA	86.3351402675497	1
3536_AB	59.9238061252245	0
3536_AC	60.3075632440436	0
3536_AD	83.1698112572889	0
3536_B	102.167454679058	0
3536_C	66.9945937923624	0
3536_D	68.2072873174587	0
3536_F	70.8585674619326	0
3536_G	64.5441043291062	0
3536_H	84.568118021372	1
3536_I	92.2482536536397	1
3536_J	84.5538756336068	1
3536_K	72.0952310310527	0
3536_L	58.2427064658482	0
3536_M	54.7405699648392	0
3536_N	65.6191732852743	0
3536_O	62.7019713389491	0
3536_P	83.4859060354929	1
3536_Q	57.9216941305653	0
3536_R	97.6580369728153	1
3536_S	50.29298827248	0
3536_T	58.2967244200031	0
3536_U	71.0073843263719	0
3536_V	97.4901949227868	1
3536_Y	92.4514617939884	1
3536_Z	55.8248314203646	0
3541_A	95.7232904680467	1
3541_AC	60.6320506812904	0
3541_AE	100.167980225506	0
3541_B	101.757308679545	1
3541_C	62.2966182387058	0
3541_D	91.2013721254084	1
3541_E	60.5889105713896	.
3541_G	54.769557974061	0
3541_I	95.0308060140964	1
3541_J	107.800500389103	1
3541_O	82.3434848623102	1
3541_P	98.4183707382787	1
3541_Q	49.5537281007819	0
3541_R	90.3560000131852	1
3541_S	87.4059054795482	1
3541_U	57.3463861372311	0
3541_X	100.698120475601	1
3541_Z	56.5095767010242	0
35514	89.7284364235607	1
35515	89.017302891308	1
3619_A	49.3774470747642	0
3619_B	49.6194602172332	0
3619_C	64.6772981799226	0
3619_D	52.7893538165457	0
3619_E	85.4021334808369	1
3619_F	56.9483259693417	0
3619_H	59.147383605793	0
3619_I	90.6193487161801	1
3619_J	55.1324595144655	0
3619_K	61.7192348198477	0
3619_L	53.6431187765184	0
3619_M	58.8110156460149	0
3619_N	74.8331858354186	1
3619_O	51.8283141847487	0
3619_R	66.834849322964	0
3619_S	59.4354993580956	0
3619_U	78.9287917585977	0
3619_V	91.8151946814037	0
3619_W	110.390187777253	0
3619_X	58.3389640179859	0
3968_AW	69.1026789832287	0
3968_BA	64.5044325433271	0
3968_BB	59.1182551251637	0
3968_BC	67.7176032757571	0
3968_BD	65.7002303422303	0
3968_BG	86.2369150606214	0
3968_BH	85.4050585028215	0
3968_BI	58.3682764227308	0
3968_BJ	102.438980391695	1
3968_BK	57.9933813685624	0
3968_BL	63.811840144835	0
3968_BN	67.4082157549408	0
3968_BO	97.9100490907787	0
3968_BP	59.0775096134887	0
3968_BQ	57.4726625007547	.
3968_BR	51.6179158229482	0
3968_BS	99.603011826625	1
3968_BT	86.5178937410635	0
3968_BU	97.3181601158683	0
3968_BV	59.1638297693317	0
3968_BW	54.8497514218422	0
3968_BX	92.0211640573862	1
3968_BY	93.641845031593	1
3968_BZ	101.476046219095	1
3968_CA	98.7120812487849	1
