Accession	B	BOR1	BOR2
12768	96.68033017	0	1
12909	68.32012257	0	0
12910	83.2706922	0	1
12915	92.47857659	0	1
13181	65.55035468	0	0
13182	96.98079501	0	1
13184	70.1096042	1	0
13186	84.0597982	0	1
13187	98.49778945	0	1
13571	91.52588474	0	1
13572	88.84604686	0	1
13574	94.20052191	0	1
13575	86.28227644	0	1
13576	80.31628685	0	1
13584	58.31956645	0	0
16294	61.52253066	0	0
16295	100.1123887	0	1
21225	53.772975	0	0
21226	102.7670865	1	0
21228	64.75214024	0	0
21229	61.8518956	0	0
21230	59.44961998	0	0
22610	56.42574319	0	0
22614	102.4826024	0	1
22621	67.8007375	0	0
22625	82.61100945	0	1
22635	60.96575564	0	0
22640	72.51833609	0	0
22644	73.28045193	0	0
27155	78.68999213	0	1
27166	61.33619879	0	1
27167	87.17826872	0	1
27171	90.9071891	0	1
27173	91.28312991	0	1
2876_AH	91.38728955	0	1
3536_AA	86.33514027	0	1
3536_AB	59.92380613	0	0
3536_AC	60.30756324	0	0
3536_AD	83.16981126	1	0
3536_B	102.1674547	1	0
3536_C	66.99459379	0	0
3536_D	68.20728732	0	0
3536_F	70.85856746	0	0
3536_G	64.54410433	0	0
3536_H	84.56811802	0	1
3536_I	92.24825365	0	1
3536_J	84.55387563	0	1
3536_K	72.09523103	1	0
3536_L	58.24270647	0	0
3536_M	54.74056996	0	0
3536_N	65.61917329	0	0
3536_O	62.70197134	0	0
3536_P	83.48590604	0	1
3536_Q	57.92169413	0	0
3536_R	97.65803697	0	1
3536_S	50.29298827	0	0
3536_T	58.29672442	0	0
3536_U	71.00738433	0	0
3536_V	97.49019492	0	1
3536_Y	92.45146179	0	1
3536_Z	55.82483142	0	0
3541_A	95.72329047	0	1
3541_AC	60.63205068	0	0
3541_AE	100.1679802	1	0
3541_B	101.7573087	0	1
3541_C	62.29661824	0	0
3541_D	91.20137213	0	1
3541_E	60.58891057	0	.
3541_G	54.76955797	0	0
3541_I	95.03080601	0	1
3541_J	107.8005004	0	1
3541_O	82.34348486	0	1
3541_P	98.41837074	0	1
3541_Q	49.5537281	0	0
3541_R	90.35600001	0	1
3541_S	87.40590548	0	1
3541_U	57.34638614	0	0
3541_X	100.6981205	0	1
3541_Z	56.5095767	0	0
35514	89.72843642	0	1
35515	89.01730289	0	1
3619_A	49.37744707	0	0
3619_B	49.61946022	0	0
3619_C	64.67729818	0	0
3619_D	52.78935382	0	0
3619_E	85.40213348	0	1
3619_F	56.94832597	0	0
3619_H	59.14738361	0	0
3619_I	90.61934872	0	1
3619_J	55.13245951	0	0
3619_K	61.71923482	0	0
3619_L	53.64311878	0	0
3619_M	58.81101565	0	0
3619_N	74.83318584	0	1
3619_O	51.82831418	0	0
3619_R	66.83484932	0	0
3619_S	59.43549936	0	0
3619_U	78.92879176	1	0
3619_V	91.81519468	1	0
3619_W	110.3901878	1	0
3619_X	58.33896402	0	0
3968_AW	69.10267898	0	0
3968_BA	64.50443254	0	0
3968_BB	59.11825513	0	0
3968_BC	67.71760328	0	0
3968_BD	65.70023034	0	0
3968_BG	86.23691506	1	0
3968_BH	85.4050585	1	0
3968_BI	58.36827642	0	0
3968_BJ	102.4389804	0	1
3968_BK	57.99338137	0	0
3968_BL	63.81184014	0	0
3968_BN	67.40821575	0	0
3968_BO	97.91004909	1	0
3968_BP	59.07750961	0	0
3968_BQ	57.4726625	0	.
3968_BR	51.61791582	0	0
3968_BS	99.60301183	0	1
3968_BT	86.51789374	1	0
3968_BU	97.31816012	1	0
3968_BV	59.16382977	0	0
3968_BW	54.84975142	0	0
3968_BX	92.02116406	0	1
3968_BY	93.64184503	0	1
3968_BZ	101.4760462	0	1
3968_CA	98.71208125	0	1
