4200_AB	63.3664136693791	0	0
4200_AC	71.6251783111674	0	0
4200_AE	72.5774037535745	0	0
4200_AH	117.921444754565	1	0
4200_AI	66.0956449884411	0	0
4200_AK	91.6476082841661	0	0
4200_AP	74.8420638678938	0	1
4200_AZ	90.5941940186398	0	0
4200_B	62.3221864401166	0	0
4200_BC	74.6274017331343	0	0
4200_BD	72.0937548471266	0	0
4200_BK	60.5601033477723	0	0
4200_BN	74.3869310814649	0	0
4200_E	71.2093307191364	0	0
4200_F	61.8174159074367	0	0
4200_G	94.0217211603405	0	0
4200_J	64.1308804108218	0	0
4200_K	72.9214661614664	0	0
4200_L	96.6019102397153	0	1
4200_M	73.383947080865	0	0
4200_Q	70.7267721144673	0	0
4200_S	103.523075526169	0	1
4200_Y	98.1885306159483	.	0
4200_Z	67.80599278668	0	0
5018_AA	94.7839991292956	0	0
5018_AC	82.8566396904084	0	0
5018_AD	66.1223108656648	0	0
5018_AE	93.9605289329992	1	0
5018_AF	94.8616960804333	0	0
5018_AG	116.38245027275	1	0
5018_AH	81.1365189532815	0	0
5018_AI	80.2393518921481	0	0
5018_AJ	65.3345718390025	0	0
5018_AM	71.1688812200021	0	0
5018_AN	93.5090681694665	0	0
5018_AO	63.753107880733	0	0
5018_AP	79.445566753274	0	0
5018_AQ	66.3912314174083	0	.
5018_AR	67.1901347794123	0	0
5018_AU	68.4629070735692	0	0
5018_AV	66.7574225089454	0	0
5018_AW	72.0714048734129	0	0
5018_AY	149.148377445704	0	0
5018_B	116.206376735939	0	1
5018_BA	61.5029686183834	0	0
5018_BB	77.0295219048095	0	0
5018_BC	69.0695945044727	0	0
5018_BD	91.290193428623	1	0
5018_BE	70.041888028301	0	0
5018_BF	70.1196250712623	0	0
5018_BG	65.0609510907552	0	0
5018_BJ	77.5469910737515	0	0
5018_BL	137.969866858916	1	0
5018_BM	71.7758489240547	0	0
5018_BO	73.9464938307941	0	0
5018_BP	65.4681627530105	0	0
5018_BQ	113.54438969887	1	0
5018_BR	71.6181496533657	0	0
5018_BS	74.4787722232549	0	0
5018_BT	76.1395009046045	0	0
5018_BU	72.3536294228544	0	0
5018_BV	79.2370453074279	0	0
5018_BW	79.4322762484392	0	0
5018_BY	58.8263192651027	0	0
5018_BZ	93.3281272461723	0	0
5018_C	68.9685751625832	0	0
5018_CA	75.6015198748223	0	0
5018_CC	86.3425155078788	0	0
5018_CE	86.9807493616694	0	0
5018_CF	115.750775090197	0	1
5018_CG	86.388571193421	.	0
5018_CH	106.621335183694	1	0
5018_CI	77.9654539885561	0	0
5018_CJ	65.9348531540644	0	0
5018_CO	72.4361274395765	.	0
5018_CP	76.558295007469	0	0
5018_CQ	69.1763833342099	0	0
5018_F	80.063039522019	0	0
5018_G	103.360784703814	1	0
5018_H	64.8159173863025	0	0
5018_J	68.9992614200415	0	0
5018_K	102.850930453337	1	0
5018_L	118.612900734345	1	0
5018_M	77.6877674902023	1	0
5018_N	159.656719475918	1	0
5018_P	78.46025188932	0	.
5018_Q	114.043374617844	1	0
5018_S	71.5474245043707	0	0
5018_U	69.134740046932	0	0
5018_X	83.9076218753372	0	0
5018_Y	73.3298761935522	0	0
5018_Z	66.9626752783359	0	0
5019_A	91.9685581977215	0	.
5019_AA	59.3746064591241	0	0
5019_AB	74.4463367424286	0	0
5019_AC	109.786818703313	0	0
5019_AD	97.6397179514622	0	1
5019_AF	73.4281472898163	.	0
5019_AG	51.6697845866277	0	0
5019_AI	79.3259428397794	0	0
5019_AJ	63.5092719048095	0	0
5019_AM	93.010474334324	0	1
5019_AN	80.4518980660542	0	0
5019_AO	75.9976207130023	0	0
5019_AP	64.7637819890472	0	0
5019_AQ	68.1411982190983	0	0
5019_AR	64.8925685839614	0	0
5019_AU	128.579535971375	1	0
5019_AV	79.6104059538876	0	0
5019_AW	73.810480003589	0	0
5019_AX	74.0687329136266	0	0
5019_AY	73.5646801532805	0	0
5019_AZ	63.7985783657486	0	0
5019_B	124.680770228841	1	0
5019_BA	88.3470176530092	0	1
5019_BB	65.214032437934	0	0
5019_BC	81.6800715254825	0	0
5019_BD	67.3639568605413	0	0
5019_BE	81.222884237155	0	0
5019_BF	65.3919431088121	0	0
5019_BG	68.9936080543411	.	0
5019_BH	69.4725712829549	0	0
5019_BK	67.0488068317939	0	1
5019_BL	105.09188703161	0	1
5019_BM	72.760391952388	0	0
5019_BN	61.6018980660542	0	0
5019_BO	87.6329820429712	0	0
5019_BP	83.4355538186609	0	0
5019_BR	119.231988571895	1	0
5019_BS	77.3715082810723	0	0
5019_BT	79.7478147344271	1	0
5019_BU	74.318967954726	0	0
5019_BV	82.3929439076974	0	1
5019_BW	70.4987586395304	0	0
5019_BZ	78.8259602003923	0	0
5019_C	94.4814401755483	0	0
5019_CB	85.7826658994023	0	0
5019_CF	69.3201129621611	0	0
5019_CG	81.4106958759354	0	0
5019_CH	66.6469534213481	0	0
5019_CJ	64.6745143509514	0	0
5019_CL	92.1339662759077	0	1
5019_CM	73.3356003781328	0	0
5019_CN	70.0587705862471	0	0
5019_CO	73.3169676790116	0	0
5019_CP	61.4632054236835	0	0
5019_CR	99.1472438560518	0	0
5019_D	88.579576906382	0	1
5019_E	62.4536065479531	0	0
5019_G	59.7285848584092	0	0
5019_H	56.4924483366413	0	0
5019_I	93.5562941473725	1	0
5019_K	68.7676836928569	0	0
5019_L	104.785088347239	0	0
5019_M	129.84408284234	0	1
5019_N	54.0347140256098	0	0
5019_O	62.2291622773775	0	0
5019_P	129.387286874893	1	0
5019_R	79.1646281669776	0	0
5019_S	70.7862969427079	0	0
5019_T	69.0483997988903	0	0
5019_U	129.9002172719	1	0
5019_V	79.8894977409396	0	0
5019_W	75.6010968974467	0	0
5019_X	70.4722649530377	0	0
5019_Y	83.4526132887997	.	0
5019_Z	102.3220474567	0	0
